;TERYT;district;entitled;voted;who_win;voter_turnout%
0;20100;bolesławiecki;66394;46532;PiS;70.08
1;20200;dzierżoniowski;74042;50915;PiS;68.77
2;20300;głogowski;64410;47427;PiS;73.63
3;20400;górowski;25337;16536;PiS;65.26
4;20500;jaworski;37390;25670;PiS;68.65
5;20600;karkonoski;50049;36124;PO;72.18
6;20700;kamiennogórski;31724;21886;PO;68.99
7;20800;kłodzki;120530;81979;PO;68.02
8;20900;legnicki;41552;29871;PiS;71.89
9;21000;lubański;40763;28315;PiS;69.46
10;21100;lubiński;78054;58552;PiS;75.01
11;21200;lwówecki;33765;22450;PiS;66.49
12;21300;milicki;27891;19355;PiS;69.4
13;21400;oleśnicki;80860;58774;PiS;72.69
14;21500;oławski;57635;43427;PiS;75.35
15;21600;polkowicki;45795;32721;PiS;71.45
16;21700;strzeliński;33826;24112;PiS;71.28
17;21800;średzki;43265;32015;PiS;74.0
18;21900;świdnicki;116272;83836;PO;72.1
19;22000;trzebnicki;66784;50070;PiS;74.97
20;22100;wałbrzyski;41628;28410;PO;68.25
21;22200;wołowski;36471;25765;PiS;70.65
22;22300;wrocławski;125656;102812;PO;81.82
23;22400;ząbkowicki;48465;32021;PiS;66.07
24;22500;zgorzelecki;67305;47255;PiS;70.21
25;22600;złotoryjski;31909;21626;PiS;67.77
26;26100;Jelenia Góra;58088;43168;PO;74.31
27;26200;Legnica;69202;50453;PO;72.91
28;26400;Wrocław;508558;412995;PO;81.21
29;26500;Wałbrzych;75920;52652;PO;69.35
30;40100;aleksandrowski;45563;32241;PiS;70.76
31;40200;brodnicki;58336;40165;PiS;68.85
32;40300;bydgoski;92236;70794;PO;76.75
33;40400;chełmiński;37096;24829;PiS;66.93
34;40500;golubsko-dobrzyński;33612;22664;PiS;67.43
35;40600;grudziądzki;29809;19622;PiS;65.83
36;40700;inowrocławski;118114;83796;PO;70.95
37;40800;lipnowski;48623;31149;PiS;64.06
38;40900;mogileński;34236;23625;PiS;69.01
39;41000;nakielski;63932;44426;PiS;69.49
40;41100;radziejowski;30840;20559;PiS;66.66
41;41200;rypiński;32741;21453;PiS;65.52
42;41300;sępoleński;29629;19602;PiS;66.16
43;41400;świecki;72050;48857;PiS;67.81
44;41500;toruński;82816;60634;PO;73.22
45;41600;tucholski;36146;25207;PiS;69.74
46;41700;wąbrzeski;24845;16024;PiS;64.5
47;41800;włocławski;66193;44373;PiS;67.04
48;41900;żniński;52377;36947;PiS;70.54
49;46100;Bydgoszcz;246837;191483;PO;77.57
50;46200;Grudziądz;64271;45948;PO;71.49
51;46300;Toruń;146081;113949;PO;78.0
52;46400;Włocławek;78610;56321;PO;71.65
53;60100;bialski;83820;57835;PiS;69.0
54;60200;biłgorajski;76801;51972;PiS;67.67
55;60300;chełmski;58779;36737;PiS;62.5
56;60400;hrubieszowski;47393;29536;PiS;62.32
57;60500;janowski;34677;25128;PiS;72.46
58;60600;krasnostawski;48826;31798;PiS;65.13
59;60700;kraśnicki;71159;48205;PiS;67.74
60;60800;lubartowski;67066;47541;PiS;70.89
61;60900;lubelski;122273;90762;PiS;74.23
62;61000;łęczyński;42619;30221;PiS;70.91
63;61100;łukowski;78700;57472;PiS;73.03
64;61200;opolski;45208;30004;PiS;66.37
65;61300;parczewski;25977;17799;PiS;68.52
66;61400;puławski;87866;64631;PiS;73.56
67;61500;radzyński;44197;30882;PiS;69.87
68;61600;rycki;42057;31135;PiS;74.03
69;61700;świdnicki;54373;39249;PiS;72.18
70;61800;tomaszowski;62858;40689;PiS;64.73
71;61900;włodawski;29281;19675;PiS;67.19
72;62000;zamojski;81462;54747;PiS;67.21
73;66100;Biała Podlaska;42256;31229;PiS;73.9
74;66200;Chełm;45531;31390;PiS;68.94
75;66300;Lublin;257526;195262;PiS;75.82
76;66400;Zamość;45930;32259;PiS;70.24
77;80100;gorzowski;54222;39332;PO;72.54
78;80200;krośnieński;40830;28024;PO;68.64
79;80300;międzyrzecki;42919;29697;PO;69.19
80;80400;nowosolski;62801;43904;PO;69.91
81;80500;słubicki;35993;25347;PO;70.42
82;80600;strzelecko-drezdenecki;36211;24249;PiS;66.97
83;80700;sulęciński;25903;17635;PO;68.08
84;80800;świebodziński;41249;29229;PO;70.86
85;80900;zielonogórski;56889;40732;PO;71.6
86;81000;żagański;56558;38107;PO;67.38
87;81100;żarski;69712;47832;PO;68.61
88;81200;wschowski;28678;19389;PiS;67.61
89;86100;Gorzów Wielkopolski;86213;64146;PO;74.4
90;86200;Zielona Góra;103739;82120;PO;79.16
91;100100;bełchatowski;84311;63990;PiS;75.9
92;100200;kutnowski;72674;51458;PiS;70.81
93;100300;łaski;38758;29218;PiS;75.39
94;100400;łęczycki;38870;27241;PiS;70.08
95;100500;łowicki;60190;44586;PiS;74.08
96;100600;łódzki wschodni;57888;46433;PiS;80.21
97;100700;opoczyński;57146;43239;PiS;75.66
98;100800;pabianicki;91368;71539;PO;78.3
99;100900;pajęczański;39358;28874;PiS;73.36
100;101000;piotrkowski;70688;52549;PiS;74.34
101;101100;poddębicki;32585;23661;PiS;72.61
102;101200;radomszczański;85438;61590;PiS;72.09
103;101300;rawski;37200;27002;PiS;72.59
104;101400;sieradzki;89584;65596;PiS;73.22
105;101500;skierniewicki;29784;23043;PiS;77.37
106;101600;tomaszowski;86678;65830;PiS;75.95
107;101700;wieluński;58142;42870;PiS;73.73
108;101800;wieruszowski;32988;23808;PiS;72.17
109;101900;zduńskowolski;49182;36592;PiS;74.4
110;102000;zgierski;128176;99831;PO;77.89
111;102100;brzeziński;24008;18154;PiS;75.62
112;106100;Łódź;499671;396482;PO;79.35
113;106200;Piotrków Trybunalski;53424;40139;PiS;75.13
114;106300;Skierniewice;35400;28007;PiS;79.12
115;120100;bocheński;81728;61807;PiS;75.63
116;120200;brzeski;70436;49235;PiS;69.9
117;120300;chrzanowski;93368;70096;PiS;75.07
118;120400;dąbrowski;44970;28282;PiS;62.89
119;120500;gorlicki;82316;56804;PiS;69.01
120;120600;krakowski;221819;173747;PiS;78.33
121;120700;limanowski;98010;71654;PiS;73.11
122;120800;miechowski;37909;26517;PiS;69.95
123;120900;myślenicki;98121;75086;PiS;76.52
124;121000;nowosądecki;163827;121798;PiS;74.35
125;121100;nowotarski;146968;97089;PiS;66.06
126;121200;olkuski;84150;63331;PiS;75.26
127;121300;oświęcimski;115061;88015;PiS;76.49
128;121400;proszowicki;33742;23510;PiS;69.68
129;121500;suski;64175;46025;PiS;71.72
130;121600;tarnowski;152814;106637;PiS;69.78
131;121700;tatrzański;58090;41450;PiS;71.35
132;121800;wadowicki;121841;91313;PiS;74.94
133;121900;wielicki;103342;81568;PiS;78.93
134;126100;Kraków;613943;503364;PO;81.99
135;126200;Nowy Sącz;60529;45730;PiS;75.55
136;126300;Tarnów;81545;59055;PiS;72.42
137;140100;białobrzeski;26125;19781;PiS;75.72
138;140200;ciechanowski;67241;48635;PiS;72.33
139;140300;garwoliński;82911;64421;PiS;77.7
140;140400;gostyniński;34253;24146;PiS;70.49
141;140500;grodziski;76274;62837;PO;82.38
142;140600;grójecki;80216;61879;PiS;77.14
143;140700;kozienicki;46815;34680;PiS;74.08
144;140800;legionowski;95373;79434;PO;83.29
145;140900;lipski;26091;17496;PiS;67.06
146;141000;łosicki;23294;16535;PiS;70.98
147;141100;makowski;34075;24123;PiS;70.79
148;141200;miński;125194;99801;PiS;79.72
149;141300;mławski;54107;37565;PiS;69.43
150;141400;nowodworski;61439;46678;PiS;75.97
151;141500;ostrołęcki;68103;46838;PiS;68.78
152;141600;ostrowski;54879;39488;PiS;71.95
153;141700;otwocki;97021;80016;PiS;82.47
154;141800;piaseczyński;148330;124131;PO;83.69
155;141900;płocki;85651;60383;PiS;70.5
156;142000;płoński;67957;46608;PiS;68.58
157;142100;pruszkowski;129412;109280;PO;84.44
158;142200;przasnyski;38714;26602;PiS;68.71
159;142300;przysuski;31999;24460;PiS;76.44
160;142400;pułtuski;40527;29660;PiS;73.19
161;142500;radomski;115706;84670;PiS;73.18
162;142600;siedlecki;62454;46571;PiS;74.57
163;142700;sierpecki;38730;26243;PiS;67.76
164;142800;sochaczewski;64914;49238;PiS;75.85
165;142900;sokołowski;41191;30697;PiS;74.52
166;143000;szydłowiecki;29864;20887;PiS;69.94
167;143200;warszawski zachodni;95762;80234;PO;83.78
168;143300;węgrowski;50771;37560;PiS;73.98
169;143400;wołomiński;193346;156388;PiS;80.89
170;143500;wyszkowski;58364;43907;PiS;75.23
171;143600;zwoleński;27568;18994;PiS;68.9
172;143700;żuromiński;28789;19664;PiS;68.3
173;143800;żyrardowski;60046;46805;PiS;77.95
174;146100;Ostrołęka;37369;27286;PiS;73.02
175;146200;Płock;86942;65666;PiS;75.53
176;146300;Radom;150435;115349;PiS;76.68
177;146400;Siedlce;57206;44589;PiS;77.94
178;146501;Warszawa;1357214;1153446;PO;84.99
179;<NA>;statki;410;390;PO;95.12
180;<NA>;zagranica;636099;575149;PO;90.42
181;160100;brzeski;66567;46716;PiS;70.18
182;160200;głubczycki;33794;22260;PiS;65.87
183;160300;kędzierzyńsko-kozielski;67625;44150;PO;65.29
184;160400;kluczborski;48374;31102;PiS;64.29
185;160500;krapkowicki;47276;28825;PO;60.97
186;160600;namysłowski;32432;22740;PiS;70.12
187;160700;nyski;101958;68110;PiS;66.8
188;160800;oleski;49041;30799;PiS;62.8
189;160900;opolski;95340;60318;PO;63.27
190;161000;prudnicki;40659;25745;PiS;63.32
191;161100;strzelecki;57345;35093;PO;61.2
192;166100;Opole;96778;74930;PO;77.42
193;180100;bieszczadzki;17371;11313;PiS;65.13
194;180200;brzozowski;49763;33394;PiS;67.11
195;180300;dębicki;102205;72647;PiS;71.08
196;180400;jarosławski;90678;61888;PiS;68.25
197;180500;jasielski;86552;59184;PiS;68.38
198;180600;kolbuszowski;47520;31139;PiS;65.53
199;180700;krośnieński;87463;60403;PiS;69.06
200;180800;leżajski;51843;35372;PiS;68.23
201;180900;lubaczowski;42292;27506;PiS;65.04
202;181000;łańcucki;62178;45696;PiS;73.49
203;181100;mielecki;102127;72191;PiS;70.69
204;181200;niżański;50361;32389;PiS;64.31
205;181300;przemyski;56146;37081;PiS;66.04
206;181400;przeworski;60202;41407;PiS;68.78
207;181500;ropczycko-sędziszowski;56739;40549;PiS;71.47
208;181600;rzeszowski;130939;97227;PiS;74.25
209;181700;sanocki;70115;46375;PiS;66.14
210;181800;stalowowolski;78127;52676;PiS;67.42
211;181900;strzyżowski;47185;32261;PiS;68.37
212;182000;tarnobrzeski;40473;26796;PiS;66.21
213;182100;leski;24263;17119;PiS;70.56
214;186100;Krosno;34357;24799;PiS;72.18
215;186200;Przemyśl;43532;29761;PiS;68.37
216;186300;Rzeszów;152046;119509;PiS;78.6
217;186400;Tarnobrzeg;33878;24251;PiS;71.58
218;200100;augustowski;43285;28951;PiS;66.88
219;200200;białostocki;118039;87021;PiS;73.72
220;200300;bielski;41433;28110;PiS;67.84
221;200400;grajewski;34932;22151;PiS;63.41
222;200500;hajnowski;34229;22633;PO;66.12
223;200600;kolneński;28893;18222;PiS;63.07
224;200700;łomżyński;39077;26101;PiS;66.79
225;200800;moniecki;30259;18639;PiS;61.6
226;200900;sejneński;15207;9738;PiS;64.04
227;201000;siemiatycki;33506;21338;PiS;63.68
228;201100;sokólski;50227;32543;PiS;64.79
229;201200;suwalski;27064;18423;PiS;68.07
230;201300;wysokomazowiecki;42840;30317;PiS;70.77
231;201400;zambrowski;33061;22296;PiS;67.44
232;206100;Białystok;215144;167146;PiS;77.69
233;206200;Łomża;43912;31113;PiS;70.85
234;206300;Suwałki;49986;34927;PiS;69.87
235;220100;bytowski;57426;38790;PiS;67.55
236;220200;chojnicki;71034;50720;PiS;71.4
237;220300;człuchowski;41687;27471;PO;65.9
238;220400;gdański;90985;70630;PO;77.63
239;220500;kartuski;105414;82481;PiS;78.24
240;220600;kościerski;53688;39712;PiS;73.97
241;220700;kwidzyński;59656;39695;PO;66.54
242;220800;lęborski;47011;33667;PO;71.62
243;220900;malborski;45807;31554;PO;68.88
244;221000;nowodworski;27425;18872;PO;68.81
245;221100;pucki;68212;52239;PO;76.58
246;221200;słupski;72802;49105;PO;67.45
247;221300;starogardzki;92744;64930;PiS;70.01
248;221400;tczewski;82523;58283;PO;70.63
249;221500;wejherowski;162157;124325;PO;76.67
250;221600;sztumski;30459;18868;PO;61.95
251;226100;Gdańsk;369589;301514;PO;81.58
252;226200;Gdynia;183307;148644;PO;81.09
253;226300;Słupsk;63200;46416;PO;73.44
254;226400;Sopot;27963;22725;PO;81.27
255;240100;będziński;112981;86077;PO;76.19
256;240200;bielski;126062;99397;PiS;78.85
257;240300;cieszyński;136796;102088;PiS;74.63
258;240400;częstochowski;105199;78428;PiS;74.55
259;240500;gliwicki;85729;61347;PiS;71.56
260;240600;kłobucki;65800;48275;PiS;73.37
261;240700;lubliniecki;59587;40935;PiS;68.7
262;240800;mikołowski;74306;57904;PO;77.93
263;240900;myszkowski;54328;39720;PiS;73.11
264;241000;pszczyński;82589;64317;PiS;77.88
265;241100;raciborski;78721;50692;PiS;64.39
266;241200;rybnicki;57856;42654;PiS;73.72
267;241300;tarnogórski;107314;79414;PO;74.0
268;241400;bieruńsko-lędziński;44674;34139;PiS;76.42
269;241500;wodzisławski;115529;84113;PiS;72.81
270;241600;zawierciański;90704;66990;PiS;73.86
271;241700;żywiecki;116066;86686;PiS;74.69
272;246100;Bielsko-Biała;125690;98851;PO;78.65
273;246200;Bytom;109262;75165;PO;68.79
274;246300;Chorzów;74222;53882;PO;72.6
275;246400;Częstochowa;160015;123208;PO;77.0
276;246500;Dąbrowa Górnicza;88190;67526;PO;76.57
277;246600;Gliwice;129416;99933;PO;77.22
278;246700;Jastrzębie-Zdrój;63206;45571;PiS;72.1
279;246800;Jaworzno;67099;50521;PO;75.29
280;246900;Katowice;218075;172123;PO;78.93
281;247000;Mysłowice;53416;40476;PiS;75.78
282;247100;Piekary Śląskie;39782;29282;PO;73.61
283;247200;Ruda Śląska;98989;71952;PiS;72.69
284;247300;Rybnik;98859;73340;PiS;74.19
285;247400;Siemianowice Śląskie;47853;35824;PO;74.86
286;247500;Sosnowiec;147145;111748;PO;75.94
287;247600;Świętochłowice;34432;23896;PO;69.4
288;247700;Tychy;91441;71924;PO;78.66
289;247800;Zabrze;118388;77581;PO;65.53
290;247900;Żory;45367;34090;PiS;75.14
291;260100;buski;57929;40588;PiS;70.07
292;260200;jędrzejowski;65945;46351;PiS;70.29
293;260300;kazimierski;26759;17055;PiS;63.74
294;260400;kielecki;164814;120037;PiS;72.83
295;260500;konecki;61775;43465;PiS;70.36
296;260600;opatowski;40074;26764;PiS;66.79
297;260700;ostrowiecki;80764;54825;PiS;67.88
298;260800;pińczowski;30969;20906;PiS;67.51
299;260900;sandomierski;59344;40156;PiS;67.67
300;261000;skarżyski;55774;40156;PiS;72.0
301;261100;starachowicki;66999;46806;PiS;69.86
302;261200;staszowski;55186;37960;PiS;68.79
303;261300;włoszczowski;35318;24919;PiS;70.56
304;266100;Kielce;144403;112884;PO;78.17
305;280100;bartoszycki;42268;26750;PiS;63.29
306;280200;braniewski;29423;18700;PiS;63.56
307;280300;działdowski;47967;32283;PiS;67.3
308;280400;elbląski;42452;27383;PiS;64.5
309;280500;ełcki;63813;40390;PiS;63.29
310;280600;giżycki;41467;28191;PO;67.98
311;280700;iławski;68794;47408;PiS;68.91
312;280800;kętrzyński;45107;27968;PiS;62.0
313;280900;lidzbarski;29627;19048;PO;64.29
314;281000;mrągowski;36613;24538;PO;67.02
315;281100;nidzicki;23998;15636;PiS;65.16
316;281200;nowomiejski;32190;21973;PiS;68.26
317;281300;olecki;23995;14736;PiS;61.41
318;281400;olsztyński;97957;67578;PO;68.99
319;281500;ostródzki;76368;51036;PO;66.83
320;281600;piski;40834;25782;PiS;63.14
321;281700;szczycieński;52829;35141;PiS;66.52
322;281800;gołdapski;18881;11703;PiS;61.98
323;281900;węgorzewski;16795;10853;PiS;64.62
324;286100;Elbląg;86152;63470;PO;73.67
325;286200;Olsztyn;127035;99024;PO;77.95
326;300100;chodzieski;35126;25964;PO;73.92
327;300200;czarnkowsko-trzcianecki;63993;45493;PO;71.09
328;300300;gnieźnieński;108782;81588;PiS;75.0
329;300400;gostyński;56786;40040;PiS;70.51
330;300500;grodziski;38746;28024;PiS;72.33
331;300600;jarociński;53335;38800;PiS;72.75
332;300700;kaliski;64302;46310;PiS;72.02
333;300800;kępiński;42646;31499;PiS;73.86
334;300900;kolski;64864;45321;PiS;69.87
335;301000;koniński;100115;71373;PiS;71.29
336;301100;kościański;60898;46033;PiS;75.59
337;301200;krotoszyński;57297;41207;PiS;71.92
338;301300;leszczyński;44763;33374;PiS;74.56
339;301400;międzychodzki;27750;19769;PO;71.24
340;301500;nowotomyski;56593;42520;PO;75.13
341;301600;obornicki;43845;32981;PO;75.22
342;301700;ostrowski;121837;90810;PiS;74.53
343;301800;ostrzeszowski;42028;30415;PiS;72.37
344;301900;pilski;98473;71887;PO;73.0
345;302000;pleszewski;47713;34247;PiS;71.78
346;302100;poznański;314289;263150;PO;83.73
347;302200;rawicki;45522;33200;PiS;72.93
348;302300;słupecki;45247;32221;PiS;71.21
349;302400;szamotulski;70823;54103;PO;76.39
350;302500;średzki;45795;34714;PiS;75.8
351;302600;śremski;46162;34191;PiS;74.07
352;302700;turecki;63103;45778;PiS;72.54
353;302800;wągrowiecki;51960;37838;PiS;72.82
354;302900;wolsztyński;43107;32306;PO;74.94
355;303000;wrzesiński;59044;44595;PiS;75.53
356;303100;złotowski;50875;34409;PO;67.63
357;306100;Kalisz;72093;55191;PO;76.56
358;306200;Konin;53263;40041;PiS;75.18
359;306300;Leszno;45429;35368;PO;77.85
360;306400;Poznań;408994;339514;PO;83.01
361;320100;białogardzki;33831;22017;PO;65.08
362;320200;choszczeński;34868;22757;PiS;65.27
363;320300;drawski;41682;27302;PO;65.5
364;320400;goleniowski;62097;43770;PO;70.49
365;320500;gryficki;44169;29765;PO;67.39
366;320600;gryfiński;59783;40854;PiS;68.34
367;320700;kamieński;36313;24841;PO;68.41
368;320800;kołobrzeski;65492;48675;PO;74.32
369;320900;koszaliński;49922;34774;PO;69.66
370;321000;myśliborski;47490;31761;PO;66.88
371;321100;policki;60698;47610;PO;78.44
372;321200;pyrzycki;28487;19196;PiS;67.39
373;321300;sławieński;42659;29061;PO;68.12
374;321400;stargardzki;88805;63972;PO;72.04
375;321500;szczecinecki;55606;37171;PO;66.85
376;321600;świdwiński;34304;22312;PiS;65.04
377;321700;wałecki;38267;26434;PO;69.08
378;321800;łobeski;26015;16422;PiS;63.13
379;326100;Koszalin;78643;59781;PO;76.02
380;326200;Szczecin;286421;223183;PO;77.92
381;326300;Świnoujście;31531;23568;PO;74.75
