;TERYT;district;entitled;voted;who_win;voter_turnout%
0;20100;bolesławiecki;65950;40879;PO;61.98
1;20200;dzierżoniowski;72535;43675;PO;60.21
2;20300;głogowski;63792;41226;PO;64.63
3;20400;górowski;25134;14218;PiS;56.57
4;20500;jaworski;36841;22097;PiS;59.98
5;20600;karkonoski;48363;30173;PO;62.39
6;20700;kamiennogórski;31309;18761;PO;59.92
7;20800;kłodzki;117776;69633;PO;59.12
8;20900;legnicki;41471;26166;PiS;63.09
9;21000;lubański;40168;23688;PO;58.97
10;21100;lubiński;77231;50996;PiS;66.03
11;21200;lwówecki;33440;19106;PO;57.14
12;21300;milicki;27887;16839;PiS;60.38
13;21400;oleśnicki;81448;51790;PO;63.59
14;21500;oławski;57918;39122;PO;67.55
15;21600;polkowicki;45500;28779;PiS;63.25
16;21700;strzeliński;33742;21243;PiS;62.96
17;21800;średzki;44440;29622;PO;66.66
18;21900;świdnicki;114466;71990;PO;62.89
19;22000;trzebnicki;67195;45330;PO;67.46
20;22100;wałbrzyski;40607;23866;PO;58.77
21;22200;wołowski;36180;22595;PO;62.45
22;22300;wrocławski;130408;96788;PO;74.22
23;22400;ząbkowicki;47735;27442;PiS;57.49
24;22500;zgorzelecki;65639;39687;PO;60.46
25;22600;złotoryjski;31537;18645;PO;59.12
26;26100;Jelenia Góra;56111;35954;PO;64.08
27;26200;Legnica;67331;41943;PO;62.29
28;26400;Wrocław;504001;373009;PO;74.01
29;26500;Wałbrzych;73360;43243;PO;58.95
30;40100;aleksandrowski;44670;28230;PiS;63.2
31;40200;brodnicki;58066;35132;PiS;60.5
32;40300;bydgoski;93605;64316;PO;68.71
33;40400;chełmiński;36709;22096;PO;60.19
34;40500;golubsko-dobrzyński;33388;19705;PiS;59.02
35;40600;grudziądzki;29808;17424;PiS;58.45
36;40700;inowrocławski;115889;71432;PO;61.64
37;40800;lipnowski;48432;27177;PiS;56.11
38;40900;mogileński;34101;20471;PiS;60.03
39;41000;nakielski;63482;38953;PO;61.36
40;41100;radziejowski;30551;17459;PiS;57.15
41;41200;rypiński;32454;18773;PiS;57.84
42;41300;sępoleński;29568;17482;PO;59.12
43;41400;świecki;71433;42767;PO;59.87
44;41500;toruński;83691;54799;PO;65.48
45;41600;tucholski;35904;22242;PiS;61.95
46;41700;wąbrzeski;24521;13890;PO;56.65
47;41800;włocławski;66012;38047;PiS;57.64
48;41900;żniński;52007;31921;PO;61.38
49;46100;Bydgoszcz;241846;166891;PO;69.01
50;46200;Grudziądz;62364;39022;PO;62.57
51;46300;Toruń;143815;101396;PO;70.5
52;46400;Włocławek;76567;47296;PO;61.77
53;60100;bialski;82977;53001;PiS;63.87
54;60200;biłgorajski;75636;48684;PiS;64.37
55;60300;chełmski;58219;33978;PiS;58.36
56;60400;hrubieszowski;46542;27105;PiS;58.24
57;60500;janowski;34274;23471;PiS;68.48
58;60600;krasnostawski;48001;28514;PiS;59.4
59;60700;kraśnicki;70343;44241;PiS;62.89
60;60800;lubartowski;66704;44364;PiS;66.51
61;60900;lubelski;124124;86143;PiS;69.4
62;61000;łęczyński;42787;28693;PiS;67.06
63;61100;łukowski;77936;53931;PiS;69.2
64;61200;opolski;44508;27685;PiS;62.2
65;61300;parczewski;25822;16165;PiS;62.6
66;61400;puławski;86640;58290;PiS;67.28
67;61500;radzyński;43966;28694;PiS;65.26
68;61600;rycki;41262;28387;PiS;68.8
69;61700;świdnicki;54143;35985;PiS;66.46
70;61800;tomaszowski;61951;37547;PiS;60.61
71;61900;włodawski;28994;17675;PiS;60.96
72;62000;zamojski;81250;50561;PiS;62.23
73;66100;Biała Podlaska;41155;27990;PiS;68.01
74;66200;Chełm;44694;27684;PO;61.94
75;66300;Lublin;253867;179330;PO;70.64
76;66400;Zamość;45361;28940;PiS;63.8
77;80100;gorzowski;54741;34919;PO;63.79
78;80200;krośnieński;40189;23287;PO;57.94
79;80300;międzyrzecki;42506;25384;PO;59.72
80;80400;nowosolski;62499;37752;PO;60.4
81;80500;słubicki;35102;20910;PO;59.57
82;80600;strzelecko-drezdenecki;35850;20419;PO;56.96
83;80700;sulęciński;25984;15530;PO;59.77
84;80800;świebodziński;41056;25453;PO;62.0
85;80900;zielonogórski;56766;35699;PO;62.89
86;81000;żagański;56201;32378;PO;57.61
87;81100;żarski;68925;40059;PO;58.12
88;81200;wschowski;28423;16895;PiS;59.44
89;86100;Gorzów Wielkopolski;84439;54677;PO;64.75
90;86200;Zielona Góra;102470;71644;PO;69.92
91;100100;bełchatowski;83911;57559;PiS;68.6
92;100200;kutnowski;71560;45076;PiS;62.99
93;100300;łaski;38540;25919;PiS;67.25
94;100400;łęczycki;38303;24094;PiS;62.9
95;100500;łowicki;59746;39614;PiS;66.3
96;100600;łódzki wschodni;58497;42750;PO;73.08
97;100700;opoczyński;56860;40360;PiS;70.98
98;100800;pabianicki;90846;64097;PO;70.56
99;100900;pajęczański;38981;25417;PiS;65.2
100;101000;piotrkowski;70774;48388;PiS;68.37
101;101100;poddębicki;32313;20775;PiS;64.29
102;101200;radomszczański;84440;53522;PiS;63.38
103;101300;rawski;36544;24331;PiS;66.58
104;101400;sieradzki;88774;57668;PiS;64.96
105;101500;skierniewicki;29479;20679;PiS;70.15
106;101600;tomaszowski;86172;59189;PiS;68.69
107;101700;wieluński;57693;37531;PiS;65.05
108;101800;wieruszowski;32418;20295;PiS;62.6
109;101900;zduńskowolski;48768;32278;PiS;66.19
110;102000;zgierski;127565;88533;PO;69.4
111;102100;brzeziński;23884;16221;PiS;67.92
112;106100;Łódź;491800;347623;PO;70.68
113;106200;Piotrków Trybunalski;52214;35089;PO;67.2
114;106300;Skierniewice;34626;24827;PO;71.7
115;120100;bocheński;82208;58100;PiS;70.67
116;120200;brzeski;70608;46360;PiS;65.66
117;120300;chrzanowski;92304;60884;PO;65.96
118;120400;dąbrowski;44720;26646;PiS;59.58
119;120500;gorlicki;81622;52226;PiS;63.99
120;120600;krakowski;225104;161886;PiS;71.92
121;120700;limanowski;98303;68972;PiS;70.16
122;120800;miechowski;37748;24232;PiS;64.19
123;120900;myślenicki;98558;71019;PiS;72.06
124;121000;nowosądecki;163040;115918;PiS;71.1
125;121100;nowotarski;145418;90523;PiS;62.25
126;121200;olkuski;83616;56948;PiS;68.11
127;121300;oświęcimski;114218;79297;PiS;69.43
128;121400;proszowicki;33701;21386;PiS;63.46
129;121500;suski;64083;42304;PiS;66.01
130;121600;tarnowski;152679;100487;PiS;65.82
131;121700;tatrzański;53901;35412;PiS;65.7
132;121800;wadowicki;121743;82623;PiS;67.87
133;121900;wielicki;105055;76696;PiS;73.01
134;126100;Kraków;621058;466754;PO;75.15
135;126200;Nowy Sącz;60103;41964;PiS;69.82
136;126300;Tarnów;80265;53013;PO;66.05
137;140100;białobrzeski;26089;18155;PiS;69.59
138;140200;ciechanowski;66476;43317;PiS;65.16
139;140300;garwoliński;82314;60055;PiS;72.96
140;140400;gostyniński;33868;21286;PiS;62.85
141;140500;grodziski;77847;59428;PO;76.34
142;140600;grójecki;76140;53647;PiS;70.46
143;140700;kozienicki;46239;31803;PiS;68.78
144;140800;legionowski;97171;74872;PO;77.05
145;140900;lipski;25839;15450;PiS;59.79
146;141000;łosicki;23019;15320;PiS;66.55
147;141100;makowski;33730;22005;PiS;65.24
148;141200;miński;119901;88169;PiS;73.53
149;141300;mławski;53797;33748;PiS;62.73
150;141400;nowodworski;61314;42466;PiS;69.26
151;141500;ostrołęcki;68284;44267;PiS;64.83
152;141600;ostrowski;54300;35972;PiS;66.25
153;141700;otwocki;96585;74170;PiS;76.79
154;141800;piaseczyński;151808;118136;PO;77.82
155;141900;płocki;85225;54539;PiS;63.99
156;142000;płoński;66767;41194;PiS;61.7
157;142100;pruszkowski;131030;102409;PO;78.16
158;142200;przasnyski;38167;24097;PiS;63.14
159;142300;przysuski;31715;22211;PiS;70.03
160;142400;pułtuski;39712;26128;PiS;65.79
161;142500;radomski;116370;79286;PiS;68.13
162;142600;siedlecki;62290;44155;PiS;70.89
163;142700;sierpecki;38246;23358;PiS;61.07
164;142800;sochaczewski;63559;43306;PiS;68.14
165;142900;sokołowski;40532;27834;PiS;68.67
166;143000;szydłowiecki;29778;19092;PiS;64.11
167;143200;warszawski zachodni;97456;76064;PO;78.05
168;143300;węgrowski;50074;34722;PiS;69.34
169;143400;wołomiński;197033;148412;PiS;75.32
170;143500;wyszkowski;57469;40277;PiS;70.08
171;143600;zwoleński;27418;17533;PiS;63.95
172;143700;żuromiński;28429;17080;PiS;60.08
173;143800;żyrardowski;56846;39540;PiS;69.56
174;146100;Ostrołęka;36612;24368;PiS;66.56
175;146200;Płock;84747;57571;PO;67.93
176;146300;Radom;147170;101863;PiS;69.21
177;146400;Siedlce;56140;40275;PiS;71.74
178;146501;Warszawa;1379227;1093959;PO;79.32
179;<NA>;statki;173;172;PO;99.42
180;<NA>;zagranica;524204;467758;PO;89.23
181;160100;brzeski;65606;40697;PO;62.03
182;160200;głubczycki;33470;19428;PiS;58.05
183;160300;kędzierzyńsko-kozielski;66300;37202;PO;56.11
184;160400;kluczborski;47455;26558;PO;55.96
185;160500;krapkowicki;46714;23930;PO;51.23
186;160600;namysłowski;32269;19646;PiS;60.88
187;160700;nyski;100496;58213;PiS;57.93
188;160800;oleski;48343;26180;PO;54.15
189;160900;opolski;94713;51211;PO;54.07
190;161000;prudnicki;40008;21458;PiS;53.63
191;161100;strzelecki;56507;29377;PO;51.99
192;166100;Opole;94296;64703;PO;68.62
193;180100;bieszczadzki;16494;9568;PiS;58.01
194;180200;brzozowski;49346;31592;PiS;64.02
195;180300;dębicki;102057;68609;PiS;67.23
196;180400;jarosławski;90181;58078;PiS;64.4
197;180500;jasielski;85976;55245;PiS;64.26
198;180600;kolbuszowski;47184;29619;PiS;62.77
199;180700;krośnieński;86445;56081;PiS;64.87
200;180800;leżajski;51330;33505;PiS;65.27
201;180900;lubaczowski;41634;25228;PiS;60.59
202;181000;łańcucki;62264;43131;PiS;69.27
203;181100;mielecki;101810;66875;PiS;65.69
204;181200;niżański;49986;30847;PiS;61.71
205;181300;przemyski;56110;35142;PiS;62.63
206;181400;przeworski;59787;38724;PiS;64.77
207;181500;ropczycko-sędziszowski;56824;38726;PiS;68.15
208;181600;rzeszowski;132203;93222;PiS;70.51
209;181700;sanocki;69947;42788;PiS;61.17
210;181800;stalowowolski;77291;48788;PiS;63.12
211;181900;strzyżowski;46657;29770;PiS;63.81
212;182000;tarnobrzeski;40808;25723;PiS;63.03
213;182100;leski;22104;13970;PiS;63.2
214;186100;Krosno;33843;22399;PiS;66.19
215;186200;Przemyśl;43007;26539;PiS;61.71
216;186300;Rzeszów;152512;110577;PO;72.5
217;186400;Tarnobrzeg;33502;21380;PO;63.82
218;200100;augustowski;42853;26047;PiS;60.78
219;200200;białostocki;120900;82094;PiS;67.9
220;200300;bielski;40368;24147;PiS;59.82
221;200400;grajewski;34037;19342;PiS;56.83
222;200500;hajnowski;33687;19545;PO;58.02
223;200600;kolneński;28328;16629;PiS;58.7
224;200700;łomżyński;38899;24467;PiS;62.9
225;200800;moniecki;29861;17082;PiS;57.21
226;200900;sejneński;14994;8249;PiS;55.02
227;201000;siemiatycki;32769;19043;PiS;58.11
228;201100;sokólski;49392;29187;PiS;59.09
229;201200;suwalski;27050;16717;PiS;61.8
230;201300;wysokomazowiecki;42133;28164;PiS;66.85
231;201400;zambrowski;32707;20754;PiS;63.45
232;206100;Białystok;213477;150859;PO;70.67
233;206200;Łomża;43349;28241;PiS;65.15
234;206300;Suwałki;49503;31333;PiS;63.3
235;220100;bytowski;57316;34871;PO;60.84
236;220200;chojnicki;70658;45976;PiS;65.07
237;220300;człuchowski;41315;23963;PO;58.0
238;220400;gdański;93528;66267;PO;70.85
239;220500;kartuski;107049;77671;PiS;72.56
240;220600;kościerski;54287;36876;PiS;67.93
241;220700;kwidzyński;59140;35468;PO;59.97
242;220800;lęborski;47166;31206;PO;66.16
243;220900;malborski;45466;27865;PO;61.29
244;221000;nowodworski;28106;17671;PO;62.87
245;221100;pucki;71552;50990;PO;71.26
246;221200;słupski;72980;44635;PO;61.16
247;221300;starogardzki;92860;59059;PiS;63.6
248;221400;tczewski;82083;52423;PO;63.87
249;221500;wejherowski;164003;115326;PO;70.32
250;221600;sztumski;30079;16703;PO;55.53
251;226100;Gdańsk;372134;282127;PO;75.81
252;226200;Gdynia;180455;134483;PO;74.52
253;226300;Słupsk;62188;40964;PO;65.87
254;226400;Sopot;27603;21116;PO;76.5
255;240100;będziński;111293;73652;PO;66.18
256;240200;bielski;126436;90544;PO;71.61
257;240300;cieszyński;135243;91406;PO;67.59
258;240400;częstochowski;104807;69014;PiS;65.85
259;240500;gliwicki;85422;54729;PO;64.07
260;240600;kłobucki;65342;41950;PiS;64.2
261;240700;lubliniecki;59054;36149;PiS;61.21
262;240800;mikołowski;74394;52075;PO;70.0
263;240900;myszkowski;54062;34378;PiS;63.59
264;241000;pszczyński;83109;59835;PiS;72.0
265;241100;raciborski;77748;43711;PO;56.22
266;241200;rybnicki;57842;38858;PiS;67.18
267;241300;tarnogórski;106622;69898;PO;65.56
268;241400;bieruńsko-lędziński;44620;31105;PiS;69.71
269;241500;wodzisławski;114614;74873;PiS;65.33
270;241600;zawierciański;89362;58048;PiS;64.96
271;241700;żywiecki;115990;78979;PiS;68.09
272;246100;Bielsko-Biała;123702;87118;PO;70.43
273;246200;Bytom;106349;63411;PO;59.63
274;246300;Chorzów;72431;45496;PO;62.81
275;246400;Częstochowa;156573;105622;PO;67.46
276;246500;Dąbrowa Górnicza;86438;58005;PO;67.11
277;246600;Gliwice;127207;87565;PO;68.84
278;246700;Jastrzębie-Zdrój;62464;40457;PiS;64.77
279;246800;Jaworzno;66205;43664;PO;65.95
280;246900;Katowice;214572;150575;PO;70.17
281;247000;Mysłowice;52722;35718;PO;67.75
282;247100;Piekary Śląskie;39181;24813;PO;63.33
283;247200;Ruda Śląska;97038;61026;PO;62.89
284;247300;Rybnik;97716;65144;PO;66.67
285;247400;Siemianowice Śląskie;47138;30628;PO;64.98
286;247500;Sosnowiec;142804;95194;PO;66.66
287;247600;Świętochłowice;33761;20408;PO;60.45
288;247700;Tychy;89960;63184;PO;70.24
289;247800;Zabrze;115861;66708;PO;57.58
290;247900;Żory;45499;30714;PO;67.5
291;260100;buski;56826;35643;PiS;62.72
292;260200;jędrzejowski;64770;41164;PiS;63.55
293;260300;kazimierski;26005;14784;PiS;56.85
294;260400;kielecki;164693;109710;PiS;66.61
295;260500;konecki;60500;38432;PiS;63.52
296;260600;opatowski;39319;23504;PiS;59.78
297;260700;ostrowiecki;78585;46955;PiS;59.75
298;260800;pińczowski;30401;18072;PiS;59.45
299;260900;sandomierski;58379;35911;PiS;61.51
300;261000;skarżyski;54087;34175;PiS;63.19
301;261100;starachowicki;65971;41501;PiS;62.91
302;261200;staszowski;54585;33865;PiS;62.04
303;261300;włoszczowski;34972;22612;PiS;64.66
304;266100;Kielce;140631;97691;PO;69.47
305;280100;bartoszycki;41528;23187;PO;55.83
306;280200;braniewski;29128;16379;PO;56.23
307;280300;działdowski;47600;28003;PiS;58.83
308;280400;elbląski;41935;23661;PO;56.42
309;280500;ełcki;64027;36326;PO;56.74
310;280600;giżycki;41595;24748;PO;59.5
311;280700;iławski;68570;42413;PO;61.85
312;280800;kętrzyński;44469;24429;PO;54.93
313;280900;lidzbarski;29256;16662;PO;56.95
314;281000;mrągowski;36636;21905;PO;59.79
315;281100;nidzicki;23855;13798;PiS;57.84
316;281200;nowomiejski;32027;19456;PiS;60.75
317;281300;olecki;23818;12990;PiS;54.54
318;281400;olsztyński;98952;61549;PO;62.2
319;281500;ostródzki;75625;44394;PO;58.7
320;281600;piski;41431;23647;PiS;57.08
321;281700;szczycieński;52448;31319;PiS;59.71
322;281800;gołdapski;18822;10212;PO;54.26
323;281900;węgorzewski;16620;9544;PO;57.42
324;286100;Elbląg;82651;53383;PO;64.59
325;286200;Olsztyn;124544;88116;PO;70.75
326;300100;chodzieski;34907;22458;PO;64.34
327;300200;czarnkowsko-trzcianecki;63508;39025;PO;61.45
328;300300;gnieźnieński;107998;70790;PO;65.55
329;300400;gostyński;56386;35050;PiS;62.16
330;300500;grodziski;38684;24537;PiS;63.43
331;300600;jarociński;53137;33617;PiS;63.26
332;300700;kaliski;64240;41207;PiS;64.15
333;300800;kępiński;42650;27549;PO;64.59
334;300900;kolski;64140;39615;PiS;61.76
335;301000;koniński;100439;63988;PiS;63.71
336;301100;kościański;59252;38345;PO;64.72
337;301200;krotoszyński;56853;35536;PiS;62.51
338;301300;leszczyński;45615;29756;PO;65.23
339;301400;międzychodzki;27709;16903;PO;61.0
340;301500;nowotomyski;56628;37228;PO;65.74
341;301600;obornicki;43729;28539;PO;65.26
342;301700;ostrowski;121687;79211;PO;65.09
343;301800;ostrzeszowski;42122;26486;PiS;62.88
344;301900;pilski;97503;62823;PO;64.43
345;302000;pleszewski;47434;30002;PiS;63.25
346;302100;poznański;322805;242648;PO;75.17
347;302200;rawicki;45487;28028;PO;61.62
348;302300;słupecki;45085;28101;PiS;62.33
349;302400;szamotulski;70770;46504;PO;65.71
350;302500;średzki;45226;29673;PO;65.61
351;302600;śremski;45914;29566;PO;64.39
352;302700;turecki;62743;40389;PiS;64.37
353;302800;wągrowiecki;52092;33004;PO;63.36
354;302900;wolsztyński;43235;28391;PO;65.67
355;303000;wrzesiński;58746;38810;PO;66.06
356;303100;złotowski;50543;29906;PO;59.17
357;306100;Kalisz;70555;47748;PO;67.67
358;306200;Konin;51830;34640;PO;66.83
359;306300;Leszno;44607;30050;PO;67.37
360;306400;Poznań;407035;304837;PO;74.89
361;320100;białogardzki;33643;18797;PO;55.87
362;320200;choszczeński;34774;19374;PO;55.71
363;320300;drawski;41749;23776;PO;56.95
364;320400;goleniowski;61919;37827;PO;61.09
365;320500;gryficki;46132;27487;PO;59.58
366;320600;gryfiński;59514;35427;PO;59.53
367;320700;kamieński;37025;22683;PO;61.26
368;320800;kołobrzeski;65755;44022;PO;66.95
369;320900;koszaliński;51408;32404;PO;63.03
370;321000;myśliborski;47022;26917;PO;57.24
371;321100;policki;61789;43048;PO;69.67
372;321200;pyrzycki;28236;16677;PiS;59.06
373;321300;sławieński;43740;27592;PO;63.08
374;321400;stargardzki;88775;56436;PO;63.57
375;321500;szczecinecki;55070;32403;PO;58.84
376;321600;świdwiński;33685;19392;PO;57.57
377;321700;wałecki;37754;22596;PO;59.85
378;321800;łobeski;25581;13953;PO;54.54
379;326100;Koszalin;77068;52043;PO;67.53
380;326200;Szczecin;280501;194533;PO;69.35
381;326300;Świnoujście;30732;20450;PO;66.54
